2:
20 1048576 2.055040 4081968.50
21 2097152 3.739968 4485925.00
22 4194304 7.483520 4483776.50
23 8388608 14.941568 4491420.50
24 16777216 29.850624 4496312.50
25 33554432 59.672321 4498492.00
26 67108864 119.233025 4502703.00
27 134217728 238.452026 4502968.00

4:
20 1048576 0.949280 8836811.00
21 2097152 1.874880 8948421.00
22 4194304 3.725344 9007070.00
23 8388608 7.465760 8988886.00
24 16777216 14.931040 8989175.00
25 33554432 29.752159 9022386.00
26 67108864 59.410561 9036624.00
27 134217728 119.032867 9020549.00

8:
20 1048576 0.487040 17223652.00
21 2097152 0.962688 17427470.00
22 4194304 1.904160 17621646.00
23 8388608 3.814112 17594886.00
24 16777216 7.652448 17539188.00
25 33554432 15.220832 17636056.00
26 67108864 30.238272 17754682.00
27 134217728 60.692257 17691578.00

16:
20 1048576 0.269920 31078128.00
21 2097152 0.515104 32570542.00
22 4194304 1.023232 32792594.00
23 8388608 2.038336 32923356.00
24 16777216 4.063232 33032258.00
25 33554432 8.090752 33178062.00
26 67108864 16.128897 33286276.00
27 134217728 32.260223 33283770.00

32:
20 1048576 0.177568 47241664.00
21 2097152 0.339776 49377284.00
22 4194304 0.665152 50446260.00
23 8388608 1.303584 51480276.00
24 16777216 2.587520 51871188.00
25 33554432 5.151168 52111572.00
26 67108864 10.287776 52185324.00
27 134217728 20.542591 52269056.00

64:
20 1048576 0.146848 57124432.00
21 2097152 0.290656 57721896.00
22 4194304 0.560064 59911780.00
23 8388608 1.112480 60323656.00
24 16777216 2.202336 60943344.00
25 33554432 4.387584 61180696.00
26 67108864 8.740768 61421476.00
27 134217728 17.466816 61473244.00

128:
20 1048576 0.142976 58671440.00
21 2097152 0.273696 61298724.00
22 4194304 0.527872 63565468.00
23 8388608 1.045728 64174304.00
24 16777216 2.078656 64569476.00
25 33554432 4.148320 64709436.00
26 67108864 8.274016 64886372.00
27 134217728 16.555872 64855648.00

256:
20 1048576 0.147904 56716576.00
21 2097152 0.269120 62341020.00
22 4194304 0.528960 63434724.00
23 8388608 1.047936 64039088.00
24 16777216 2.081024 64496004.00
25 33554432 4.153504 64628676.00
26 67108864 8.288896 64769896.00
27 134217728 16.573055 64788404.00

512:
20 1048576 0.147040 57049840.00
21 2097152 0.274912 61027588.00
22 4194304 0.531232 63163424.00
23 8388608 1.051872 63799456.00
24 16777216 2.090080 64216548.00
25 33554432 4.165760 64438532.00
26 67108864 8.320992 64520056.00
27 134217728 16.652512 64479272.00

1024:
20 1048576 0.140608 59659536.00
21 2097152 0.271776 61731780.00
22 4194304 0.539968 62141516.00
23 8388608 1.059136 63361892.00
24 16777216 2.102144 63848016.00
25 33554432 4.190848 64052780.00
26 67108864 8.359968 64219252.00
27 134217728 16.736128 64157124.00

Total Errors: 0
