2:
20 1048576 1.919712 4369722.00
21 2097152 3.587584 4676466.50
22 4194304 7.148576 4693862.50
23 8388608 14.320192 4686310.00
24 16777216 28.605375 4692045.50
25 33554432 57.171455 4695270.50
26 67108864 114.158691 4702847.50
27 134217728 228.584412 4697353.50

4:
20 1048576 0.898528 9335945.00
21 2097152 1.779872 9426080.00
22 4194304 3.541120 9475655.00
23 8388608 7.063840 9500338.00
24 16777216 14.165568 9474927.00
25 33554432 28.330112 9475270.00
26 67108864 56.433952 9513261.00
27 134217728 112.957405 9505723.00

8:
20 1048576 0.462208 18148990.00
21 2097152 0.901120 18618182.00
22 4194304 1.799264 18648976.00
23 8388608 3.568320 18806852.00
24 16777216 7.132032 18819002.00
25 33554432 14.344608 18713334.00
26 67108864 28.590401 18778012.00
27 134217728 56.889854 18874048.00

16:
20 1048576 0.243456 34456360.00
21 2097152 0.478112 35090556.00
22 4194304 0.943424 35566652.00
23 8388608 1.878688 35721132.00
24 16777216 3.730784 35975744.00
25 33554432 7.435136 36103640.00
26 67108864 14.843584 36168548.00
27 134217728 29.665953 36194416.00

32:
20 1048576 0.146016 57449924.00
21 2097152 0.282752 59335444.00
22 4194304 0.556672 60276848.00
23 8388608 1.092512 61426204.00
24 16777216 2.174720 61717244.00
25 33554432 4.331808 61968456.00
26 67108864 8.669760 61924544.00
27 134217728 17.365120 61833252.00

64:
20 1048576 0.104256 80461632.00
21 2097152 0.204096 82202568.00
22 4194304 0.393248 85326392.00
23 8388608 0.761664 88108232.00
24 16777216 1.509568 88911352.00
25 33554432 3.018944 88917000.00
26 67108864 6.019136 89194016.00
27 134217728 11.959296 89783024.00

128:
20 1048576 0.092256 90927504.00
21 2097152 0.176288 95169360.00
22 4194304 0.353024 95048584.00
23 8388608 0.685824 97851440.00
24 16777216 1.363840 98411640.00
25 33554432 2.758464 97313376.00
26 67108864 5.518784 97280656.00
27 134217728 10.970656 97873984.00

256:
20 1048576 0.096000 87381336.00
21 2097152 0.184064 91148816.00
22 4194304 0.348128 96385336.00
23 8388608 0.686304 97783000.00
24 16777216 1.357856 98845328.00
25 33554432 2.710720 99027360.00
26 67108864 5.407360 99285216.00
27 134217728 10.811584 99314008.00

512:
20 1048576 0.096192 87206920.00
21 2097152 0.188928 88802168.00
22 4194304 0.361728 92761496.00
23 8388608 0.700256 95834760.00
24 16777216 1.395808 96157728.00
25 33554432 2.770816 96879568.00
26 67108864 5.532416 97040952.00
27 134217728 11.052704 97147432.00

1024:
20 1048576 0.099232 84535312.00
21 2097152 0.186368 90021976.00
22 4194304 0.360384 93107448.00
23 8388608 0.708992 94653912.00
24 16777216 1.407232 95377112.00
25 33554432 2.797984 95938888.00
26 67108864 5.595936 95939432.00
27 134217728 11.198304 95884320.00

Total Errors: 0
