256 3.59 1196369720.33
512 3.49 1230649655.01
1024 3.49 1230649655.01
2048 3.48 1234186004.60
4096 3.50 1227133513.14
8192 3.49 1230649655.01
16384 3.50 1227133513.14
32768 3.49 1230649655.01
65536 3.50 1227133513.14
131072 3.51 1223637406.27
262144 3.50 1227133513.14
524288 3.52 1220161163.64
1048576 3.57 1203072071.71
2097152 3.70 1160801971.89
4194304 3.71 1157673125.61
8388608 3.75 1145324612.27
16777216 3.81 1127288004.20
33554432 3.90 1101273665.64
67108864 4.05 1060485752.10
134217728 4.44 967334976.58
268435456 5.16 832358003.10
536870912 6.57 653724093.76
