256 2.72 1579032094.12
512 2.69 1596642117.47
1024 2.67 1608601983.52
2048 2.70 1590728628.15
4096 2.69 1596642117.47
8192 2.68 1602599737.31
16384 2.68 1602599737.31
32768 2.68 1602599737.31
65536 2.68 1602599737.31
131072 2.76 1556147571.01
262144 2.72 1579032094.12
524288 2.73 1573248093.77
1048576 2.72 1579032094.12
2097152 2.74 1567506312.41
4194304 2.74 1567506312.41
8388608 2.72 1579032094.12
16777216 2.77 1550529709.75
33554432 2.79 1539414801.43
67108864 2.84 1512312428.17
134217728 2.96 1451002464.86
268435456 3.17 1354879273.19
536870912 3.65 1176703368.77
